000 100 (720,1280,3) 00000000
001 100 (720,1280,3) 00000000
002 100 (720,1280,3) 00000000
003 100 (720,1280,3) 00000000
004 100 (720,1280,3) 00000000
005 100 (720,1280,3) 00000000
006 100 (720,1280,3) 00000000
007 100 (720,1280,3) 00000000
008 100 (720,1280,3) 00000000
009 100 (720,1280,3) 00000000
010 100 (720,1280,3) 00000000
011 100 (720,1280,3) 00000000
012 100 (720,1280,3) 00000000
013 100 (720,1280,3) 00000000
014 100 (720,1280,3) 00000000
015 100 (720,1280,3) 00000000
016 100 (720,1280,3) 00000000
017 100 (720,1280,3) 00000000
018 100 (720,1280,3) 00000000
019 100 (720,1280,3) 00000000
020 100 (720,1280,3) 00000000
021 100 (720,1280,3) 00000000
022 100 (720,1280,3) 00000000
023 100 (720,1280,3) 00000000
024 100 (720,1280,3) 00000000
025 100 (720,1280,3) 00000000
026 100 (720,1280,3) 00000000
027 100 (720,1280,3) 00000000
028 100 (720,1280,3) 00000000
029 100 (720,1280,3) 00000000
030 100 (720,1280,3) 00000000
031 100 (720,1280,3) 00000000
032 100 (720,1280,3) 00000000
033 100 (720,1280,3) 00000000
034 100 (720,1280,3) 00000000
035 100 (720,1280,3) 00000000
036 100 (720,1280,3) 00000000
037 100 (720,1280,3) 00000000
038 100 (720,1280,3) 00000000
039 100 (720,1280,3) 00000000
040 100 (720,1280,3) 00000000
041 100 (720,1280,3) 00000000
042 100 (720,1280,3) 00000000
043 100 (720,1280,3) 00000000
044 100 (720,1280,3) 00000000
045 100 (720,1280,3) 00000000
046 100 (720,1280,3) 00000000
047 100 (720,1280,3) 00000000
048 100 (720,1280,3) 00000000
049 100 (720,1280,3) 00000000
050 100 (720,1280,3) 00000000
051 100 (720,1280,3) 00000000
052 100 (720,1280,3) 00000000
053 100 (720,1280,3) 00000000
054 100 (720,1280,3) 00000000
055 100 (720,1280,3) 00000000
056 100 (720,1280,3) 00000000
057 100 (720,1280,3) 00000000
058 100 (720,1280,3) 00000000
059 100 (720,1280,3) 00000000
060 100 (720,1280,3) 00000000
061 100 (720,1280,3) 00000000
062 100 (720,1280,3) 00000000
063 100 (720,1280,3) 00000000
064 100 (720,1280,3) 00000000
065 100 (720,1280,3) 00000000
066 100 (720,1280,3) 00000000
067 100 (720,1280,3) 00000000
068 100 (720,1280,3) 00000000
069 100 (720,1280,3) 00000000
070 100 (720,1280,3) 00000000
071 100 (720,1280,3) 00000000
072 100 (720,1280,3) 00000000
073 100 (720,1280,3) 00000000
074 100 (720,1280,3) 00000000
075 100 (720,1280,3) 00000000
076 100 (720,1280,3) 00000000
077 100 (720,1280,3) 00000000
078 100 (720,1280,3) 00000000
079 100 (720,1280,3) 00000000
080 100 (720,1280,3) 00000000